正解率: 0.9964285714285714
0       9
1       9
2       9
3       9
4       9
5       9
6       9
7       9
8       9
9       9
10      9
11      9
12      9
13      9
14      9
15      9
16      9
17      9
18      9
19      9
20     10
21     10
22     10
23     10
24     10
25     10
26     10
27     10
28     10
29     10
30     10
31     10
32     10
33     10
34     10
35     10
36     10
37     10
38     10
39     10
40     11
41     11
42     11
43     11
44     11
45     11
46     11
47     11
48     11
49     11
50     11
51     11
52     11
53     11
54     11
55     11
56     11
57     11
58     11
59     11
60     12
61     12
62     12
63     12
64     12
65     12
66     12
67     12
68     12
69     12
70     12
71     12
72     12
73     12
74     12
75     12
76     12
77     12
78     12
79     12
80     13
81     13
82     13
83     13
84     13
85     13
86     13
87     13
88     13
89     13
90     13
91     13
92     13
93     13
94     13
95     13
96     13
97     13
98     13
99     13
100     0
101     0
102     0
103     0
104     0
105     0
106     0
107     0
108     0
109     0
110     0
111     0
112     0
113     0
114     0
115     0
116     0
117     0
118     0
119     0
120     1
121     1
122     1
123     1
124     1
125     1
126     1
127     1
128     1
129     1
130     1
131     1
132     1
133     1
134     1
135     1
136     1
137     1
138     1
139     1
140     2
141     2
142     2
143     2
144     2
145     2
146     2
147     2
148     2
149     2
150     2
151     2
152     2
153     2
154     2
155     2
156     2
157     2
158     2
159     2
160     3
161     3
162     3
163     3
164     3
165     3
166     3
167     3
168     3
169     3
170     3
171     3
172     3
173     3
174     3
175     3
176     3
177     3
178     3
179     3
180     4
181     4
182     4
183     4
184     4
185     4
186     4
187     4
188     4
189     4
190     4
191     4
192     4
193     4
194     4
195     4
196     4
197     4
198     4
199     4
200     5
201     5
202     5
203     5
204     5
205     5
206     5
207     5
208     5
209     5
210     5
211     5
212     5
213     5
214     5
215     5
216     5
217     5
218     5
219     5
220     6
221     6
222     6
223     6
224     6
225     6
226     6
227     6
228     6
229     6
230     6
231     6
232     6
233     6
234     6
235     6
236     6
237     6
238     6
239     6
240     7
241     7
242     7
243     7
244     7
245     7
246     7
247     7
248     7
249     7
250     7
251     7
252     7
253     7
254     7
255     7
256     7
257     7
258     7
259     7
260     8
261     8
262     8
263     8
264     8
265     8
266     8
267     8
268     8
269     8
270     8
271     8
272     8
273     8
274     8
275     8
276     8
277     8
278     8
279     8
Name: lavel, dtype: int64
[ 9  9  9  9  9  9  9  9  9  9  9  9  9  9  9  9  9  9  9  9 10 10 10 10
 10 10 10 10 10 10 10 10 10 10 10 10 10 10 10 10 11 11 11 11 11 11 11 11
 11 11 11 11 11 11 11 11 11 11 11 11 12 12 12 12 12 12 12 12 12 12 12 12
 12 12 12 12 12 12 12 12 13 13 13 13 13 13 13 13 13 13 13 13 13 13 13 13
 13 13 13 13  0  0  0  0  0  0  0  0  0  0  0  0  0  0  0  0  0  0  0  0
  1  1  1  1  1  1  1  1  1  1  1  1  1  1  1  1  1  1  1  1  2  2  2  2
  2  2  2  2  2  2  2  2  2  2  2  2  1  2  2  2  3  3  3  3  3  3  3  3
  3  3  3  3  3  3  3  3  3  3  3  3  4  4  4  4  4  4  4  4  4  4  4  4
  4  4  4  4  4  4  4  4  5  5  5  5  5  5  5  5  5  5  5  5  5  5  5  5
  5  5  5  5  6  6  6  6  6  6  6  6  6  6  6  6  6  6  6  6  6  6  6  6
  7  7  7  7  7  7  7  7  7  7  7  7  7  7  7  7  7  7  7  7  8  8  8  8
  8  8  8  8  8  8  8  8  8  8  8  8  8  8  8  8]
0.9964285714285714
